5
3
5
800,1000,700,1000,600
1,1,200,2.5
1,2,150,3
1,3,350,2
2,1,250,3
2,2,200,2
2,3,400,3
3,1,150,2
3,2,300,1.5
3,3,200,1.5
4,1,300,1.5
4,2,150,3
4,3,150,3
5,1,200,2.5
5,2,100,2.5
5,3,200,2.5
1,0.8,0.6
2,5,3
1,1,300
1,2,200
1,3,300
2,1,400
2,2,300
2,3,300
3,1,200
3,2,100
3,3,200
4,1,50
4,2,150
4,3,300
5,1,150
5,2,150
5,3,200
1,1,1,0.6
1,1,2,0.8
1,1,3,1
1,2,1,0.7
1,2,2,0.9
1,2,3,1
1,3,1,1.3
1,3,2,1.5
1,3,3,0.8
1,4,1,1.4
1,4,2,1.3
1,4,3,2
1,5,1,1.8
1,5,2,1.6
1,5,3,1.2
2,1,1,2.2
2,1,2,1.3
2,1,3,1.6
2,2,1,1.9
2,2,2,2.1
2,2,3,2.5
2,3,1,1
2,3,2,2.5
2,3,3,1.5
2,4,1,1.8
2,4,2,1.7
2,4,3,1.4
2,5,1,1.2
2,5,2,1.9
2,5,3,2.3
3,1,1,2.5
3,1,2,0.7
3,1,3,0.8
3,2,1,0.4
3,2,2,1.3
3,2,3,1.4
3,3,1,0.9
3,3,2,1.7
3,3,3,2.3
3,4,1,1.8
3,4,2,2.3
3,4,3,1.8
3,5,1,0.9
3,5,2,1.4
3,5,3,2.4
4,1,1,1.6
4,1,2,1.9
4,1,3,0.6
4,2,1,1.4
4,2,2,2.1
4,2,3,2
4,3,1,0.6
4,3,2,1
4,3,3,1.7
4,4,1,1.5
4,4,2,2.2
4,4,3,2.6
4,5,1,1
4,5,2,1.6
4,5,3,1.9
5,1,1,1.8
5,1,2,0.7
5,1,3,0.5
5,2,1,1.8
5,2,2,1.4
5,2,3,2.1
5,3,1,2.5
5,3,2,1.8
5,3,3,1.7
5,4,1,2.6
5,4,2,1.8
5,4,3,2.3
5,5,1,1.2
5,5,2,2
5,5,3,1.8